BEIJING 1               
1 28890U 05043A   15041.45183136  .00000540  00000-0  11903-3 0  9997
2 28890  97.8128 231.8375 0015072 341.1637  18.9007 14.60907828495179
HJ-1A                   
1 33320U 08041A   15041.48849712  .00001743  00000-0  26019-3 0  9994
2 33320  98.0472 104.0845 0025579 266.6910  93.1380 14.75882525346221
HJ-1B                   
1 33321U 08041B   15041.45794728  .00001825  00000-0  27099-3 0  9998
2 33321  98.0503 104.7591 0034281 283.2015  76.5374 14.75891972346205
YAOGAN 4                
1 33446U 08061A   15041.41323073  .00001415  00000-0  21331-3 0  9993
2 33446  97.6582  76.6528 0016489 205.7934 154.2456 14.75752912333471
DEIMOS-1                
1 35681U 09041A   15041.40729993  .00000808  00000-0  13896-3 0  9997
2 35681  98.0428 297.5767 0001866 144.7020 215.4308 14.71240301296999
UK-DMC 2                
1 35683U 09041C   15041.39628010  .00000755  00000-0  13214-3 0  9990
2 35683  97.9451 295.8855 0001093  79.1700 280.9611 14.70584321296910
RISAT 1                 
1 38248U 12017A   15041.48292354  .00002756  00000-0  17820-3 0  9995
2 38248  97.5621  50.2237 0005063 102.5619  44.9409 15.09017088153899
