COSMOS 2361             
1 25590U 98076A   15040.52887459  .00000093  00000-0  83434-4 0  9997
2 25590  82.9337  30.5493 0033000 110.6002  39.0375 13.72875747808111
COSMOS 2378             
1 26818U 01023A   15040.55652290  .00000066  00000-0  53802-4 0  9999
2 26818  82.9239  53.5293 0034418  69.3459 291.1367 13.73868813685638
COSMOS 2389             
1 27436U 02026A   15040.44403110  .00000072  00000-0  60238-4 0  9991
2 27436  82.9538 356.4940 0045197 307.4173 175.0136 13.74868242637465
COSMOS 2398             
1 27818U 03023A   15041.19856551  .00000092  00000-0  84714-4 0  9994
2 27818  82.9499 308.8597 0030511 306.6930  53.1433 13.72096358585276
COSMOS 2407             
1 28380U 04028A   15041.61734223  .00000083  00000-0  69463-4 0  9997
2 28380  82.9562 263.0851 0038676 322.5521  37.2953 13.75991218530058
COSMOS 2414             
1 28521U 05002A   15041.31753010  .00000107  00000-0  76954-4 0  9999
2 28521  82.9506 297.2694 0038961 264.4118  95.2600 13.87529123509313
COSMOS 2429             
1 32052U 07038A   15040.90987220  .00000129  00000-0  11961-3 0  9990
2 32052  82.9782  20.0138 0037251 289.7589  69.9552 13.74838127372114
COSMOS 2454             
1 35635U 09039A   15041.24743138  .00000106  00000-0  73632-4 0  9998
2 35635  82.9569 288.6739 0017999 234.6271 125.3209 13.89555096281909
COSMOS 2463             
1 36519U 10017A   15041.23268250  .00000127  00000-0  12343-3 0  9998
2 36519  82.9559  54.2304 0037561 107.8548 252.6724 13.71369200239876
