SIRIUS-1                
1 26390U 00035A   15040.53687348  .00000106  00000-0  00000+0 0  9998
2 26390  59.8833 237.5709 2662787 269.6310  90.1846  1.00274934 53529
SIRIUS-2                
1 26483U 00051A   15039.53159586  .00000013  00000-0  00000+0 0  9992
2 26483  64.3029 117.4097 2660341 270.8163 204.2698  1.00264850 52854
SIRIUS-3                
1 26626U 00077A   15040.50266600 -.00000106  00000-0  00000+0 0  9998
2 26626  64.5128 357.1433 2688294 269.6117 317.5939  1.00279451 51997
XM-1 (ROLL)             
1 26761U 01018A   15041.39734734 -.00000025  00000-0  10000-3 0  9995
2 26761   0.1616 259.6136 0003668 325.6910 302.6192  1.00273309 50462
XM-3 (RHYTHM)           
1 28626U 05008A   15039.42578553 -.00000210  00000-0  10000-3 0  9992
2 28626   0.0065 202.8967 0000195 149.4316 214.0286  1.00271670 36482
XM-4 (BLUES)            
1 29520U 06049A   15039.56064693 -.00000027  00000-0  00000+0 0  9993
2 29520   0.0153 239.9256 0000116  69.5607 275.4357  1.00272892 30418
O3B FM5                 
1 39188U 13031A   15037.76596050 -.00000026  00000-0  00000+0 0  9999
2 39188   0.0337 339.8981 0003583 333.0160  47.0504  5.00116438 29571
O3B FM4                 
1 39189U 13031B   15037.36469679 -.00000026  00000-0  00000+0 0  9992
2 39189   0.0442   5.7910 0003578 226.4541 127.7163  5.00116089 29559
O3B FM2                 
1 39190U 13031C   15039.26406660 -.00000023  00000-0  00000+0 0  9993
2 39190   0.0449  10.9794 0003815 212.6398 136.3456  5.00116897 29645
O3B PFM                 
1 39191U 13031D   15036.66673501 -.00000028  00000-0  00000+0 0  9990
2 39191   0.0311 356.1559 0003381 314.3000  49.5089  5.00116984 29527
O3B FM3                 
1 40079U 14038A   15026.83889248 -.00000026  00000-0  00000+0 0  9998
2 40079   0.0360   1.2437 0004479 326.1686  32.5532  5.00115263 10019
O3B FM7                 
1 40080U 14038B   15037.33298249 -.00000026  00000-0  00000+0 0  9992
2 40080   0.0380 358.3982 0003036 323.9667  37.6092  5.00116119 10564
O3B FM6                 
1 40081U 14038C   15026.70556862 -.00000025  00000-0  00000+0 0  9999
2 40081   0.0357 358.0414 0002780 310.5242  51.4035  5.00115808 10039
O3B FM8                 
1 40082U 14038D   15037.39958530 -.00000026  00000-0  00000+0 0  9996
2 40082   0.0405   0.1332 0003670 302.8651  56.9603  5.00115969 10540
O3B FM10                
1 40348U 14083A   15035.02339394 -.00000030  00000-0  00000+0 0  9995
2 40348   0.0310 348.5099 0001859 345.1939  26.2751  5.00116898  2384
O3B FM11                
1 40349U 14083B   15036.84457765 -.00000027  00000-0  00000+0 0  9996
2 40349   0.0312 345.8405 0001970 323.6715  50.4644  5.00117181  2471
O3B FM12                
1 40350U 14083C   15036.71136743 -.00000028  00000-0  00000+0 0  9995
2 40350   0.0320 346.7541 0002099 319.9859  53.2333  5.00117286  2464
O3B FM9                 
1 40351U 14083D   15040.88684926 -.00000020  00000-0  00000+0 0  9992
2 40351   0.0301 345.4103 0002110 340.7003  33.8720  5.00117015  2678
