RADUGA 1 [-]            
1 08513U 75123A   15037.01946269 -.00000137  00000-0  00000+0 0  9999
2 08513  11.7929 321.9536 0009224 155.6763 103.2712  1.00296435153338
RADUGA 2 [-]            
1 09416U 76092A   15036.99543635 -.00000191  00000-0  00000+0 0  9994
2 09416  12.3655 323.9231 0026486 268.4396 346.4286  1.00257506 87724
RADUGA 3 [-]            
1 10159U 77071A   15039.77766937 -.00000364  00000-0  00000+0 0  9991
2 10159  12.8607 326.2110 0011645 171.4400  33.5861  1.00294308135474
RADUGA 4 [-]            
1 10987U 78073A   15039.89469009  .00000024  00000-0  00000+0 0  9998
2 10987  13.3176 329.0560 0010296 257.4624 296.7280  1.00198882 78029
RADUGA 5 [-]            
1 11343U 79035A   15040.85396375 -.00000023  00000-0  00000+0 0  9997
2 11343  13.6366 331.2578 0004197 131.6479  51.0990  1.00256469 87754
RADUGA 6 [-]            
1 11708U 80016A   15039.90076560  .00000092  00000-0  00000+0 0  9993
2 11708  13.8299 333.6690 0005467 181.9255 358.5848  1.00223801 80572
RADUGA 7 [-]            
1 12003U 80081A   15040.07699797 -.00000218  00000-0  00000+0 0  9998
2 12003  13.9005 335.2467 0011959 203.0944 320.7930  1.00256908 81849
RADUGA 8 [-]            
1 12351U 81027A   15038.74165451 -.00000370  00000-0  00000+0 0  9990
2 12351  14.1783 336.1631 0088409 151.1205  29.3897  1.00394710 80905
RADUGA 9 [-]            
1 12618U 81069A   15038.99065502  .00000130  00000-0  00000+0 0  9998
2 12618  14.2313 338.1795 0002102 145.4131  45.2801  1.00280400 86744
RADUGA 10 [-]           
1 12897U 81102A   15037.78863350 -.00000110  00000-0  00000+0 0  9997
2 12897  14.2583 338.8876 0006777 141.6983  15.8416  1.00248476 75801
RADUGA 11 [-]           
1 13669U 82113A   15039.18948498 -.00000175  00000-0  00000+0 0  9992
2 13669  15.4192 349.2973 0043473 179.7889  28.1152  0.97709439 81002
RADUGA 12 [-]           
1 13974U 83028A   15039.01968020 -.00000194  00000-0  00000+0 0  9993
2 13974  14.6914 347.0532 0001665 181.0547  60.9246  1.00282789127788
RADUGA 13 [-]           
1 14307U 83088A   15036.65767676 -.00000215  00000-0  00000+0 0  9995
2 14307  15.4933 351.1304 0013470 321.8875 228.0167  0.98175542 78190
RADUGA 14 [-]           
1 14725U 84016A   15040.85306091 -.00000034  00000-0  00000+0 0  9997
2 14725  14.6027 349.9845 0003325 126.5535  37.8843  1.00251930 76516
RADUGA 15 [-]           
1 15057U 84063A   15036.78637442  .00000082  00000-0  00000+0 0  9994
2 15057  14.6327 351.0198 0004952 125.3179 354.7215  1.00178280 99471
RADUGA 16 [-]           
1 15946U 85070A   15038.44672244  .00000067  00000-0  00000+0 0  9997
2 15946  14.6834 355.1332 0003700 173.4264 316.8642  1.00280389 80630
RADUGA 17 [-]           
1 16250U 85107A   15040.16627469 -.00000174  00000-0  00000+0 0  9998
2 16250  14.6880 356.2375 0012790 124.8947  59.6307  1.00181791110277
RADUGA 18 [-]           
1 16497U 86007A   15040.24833480 -.00000151  00000-0  00000+0 0  9997
2 16497  15.2897 358.3836 0074005  92.9952  74.1357  0.98811955104940
RADUGA 19 [-]           
1 17046U 86082A   15038.54044536 -.00000243  00000-0  00000+0 0  9999
2 17046  15.3442   1.7853 0011200  93.6050  34.8690  0.98462138102116
RADUGA 20 [-]           
1 17611U 87028A   15041.01792957 -.00000080  00000-0  00000+0 0  9990
2 17611  17.0271   5.2800 0026107  71.2279 158.9259  0.95961553 98510
RADUGA 21 [-]           
1 18631U 87100A   15040.44868617 -.00000301  00000-0  00000+0 0  9993
2 18631  15.2238   4.0301 0003498 140.6933 103.2098  1.00249150 99508
RADUGA 22 [-]           
1 19596U 88095A   15040.01808674  .00000041  00000-0  00000+0 0  9998
2 19596  14.7963   7.5028 0005425 104.2991  88.8382  1.00377200 80124
RADUGA 23 [-]           
1 19928U 89030A   15036.08507682  .00000104  00000-0  00000+0 0  9994
2 19928  14.7493   9.1990 0020656  96.1449 103.6636  1.00335539 93229
RADUGA-1 1 [-]          
1 20083U 89048A   15036.90879512 -.00000167  00000-0  00000+0 0  9992
2 20083  15.2162  11.6232 0018491  50.0060 158.1380  0.98708016 90308
RADUGA 24 [-]           
1 20367U 89098A   15036.85358153 -.00000343  00000-0  00000+0 0  9995
2 20367  15.0503  11.9130 0004138 160.5475  14.3142  1.00292329 91433
RADUGA 25 [-]           
1 20499U 90016A   15040.45636611 -.00000301  00000-0  00000+0 0  9996
2 20499  14.7654  12.2088 0002982 149.6053  88.5029  1.00208310 91370
RADUGA 26 [-]           
1 21016U 90112A   15040.07800983 -.00000191  00000-0  00000+0 0  9999
2 21016  14.7199  15.3382 0002626  37.5659 199.0765  1.00228550 88664
RADUGA-1 2 [-]          
1 21038U 90116A   15040.88959186 -.00000310  00000-0  00000+0 0  9999
2 21038  14.7488  15.4584 0004404  52.1947 131.8244  1.00255065 88345
RADUGA 27 [-]           
1 21132U 91014A   15039.75090647 -.00000372  00000-0  00000+0 0  9992
2 21132  15.2605  15.9167 0001468 111.9727  36.4601  1.00335428 87726
RADUGA 28 [-]           
1 21821U 91087A   15037.98574087 -.00000334  00000-0  00000+0 0  9993
2 21821  14.6486  18.8581 0005027  78.0333 139.1533  1.00209824 84759
RADUGA 29 [-]           
1 22557U 93013A   15038.02097624  .00000069  00000-0  00000+0 0  9998
2 22557  14.3769  23.0296 0002829  66.4754 110.3263  1.00168501 80093
RADUGA 30 [-]           
1 22836U 93062A   15039.89716687 -.00000059  00000-0  00000+0 0  9995
2 22836  14.2123  24.7682 0004671 189.4906 317.2575  1.00279486 78192
RADUGA-1 3 [-]          
1 22981U 94008A   15040.00896352  .00000036  00000-0  00000+0 0  9994
2 22981  14.1568  26.0108 0001994 131.3607  42.3703  1.00315465 76939
RADUGA 31 [-]           
1 23010U 94012A   15041.01609208  .00000030  00000-0  00000+0 0  9991
2 23010  14.1260  25.9513 0002073  80.2593 100.3116  1.00213203 76777
RADUGA 32 [-]           
1 23448U 94087A   15041.03608747 -.00000061  00000-0  00000+0 0  9992
2 23448  13.8159  28.4728 0008529 160.4742  34.1350  1.00276883 91370
RADUGA-1 4 [-]          
1 25642U 99010A   15040.07865215  .00000131  00000-0  00000+0 0  9996
2 25642  13.0524  41.2724 0004457 163.2299   1.6735  1.00238693 58397
RADUGA-1 5 [-]          
1 26477U 00049A   15039.95306946 -.00000246  00000-0  00000+0 0  9991
2 26477  10.6794  42.4117 0000804  82.6102  88.9374  1.00216529 52917
RADUGA-1 6 [-]          
1 26936U 01045A   15038.81301762 -.00000032  00000-0  00000+0 0  9996
2 26936  10.1881  47.3841 0017601 102.2433   0.3102  0.97743014 48030
RADUGA-1 7 [-]          
1 28194U 04010A   15040.72912640  .00000112  00000-0  00000+0 0  9993
2 28194   8.3376  55.0278 0003585 117.2813 250.6330  1.00239547 39837
RADUGA-1M 1 [-]         
1 32373U 07058A   15039.20414848 -.00000079  00000-0  00000+0 0  9993
2 32373   1.3528  76.4319 0001200 246.1202 259.6160  0.99399987 27099
RADUGA-1 8 [+]          
1 34264U 09010A   15041.29053630  .00000073  00000-0  10000-3 0  9992
2 34264   4.0430  77.9524 0001897 317.3364 221.0437  1.00263618 21782
RADUGA-1M 2 [+]         
1 36358U 10002A   15040.85088911 -.00000186  00000-0  10000-3 0  9998
2 36358   0.0291 224.6108 0002806 114.3623 191.9264  1.00271562 18441
RADUGA-1M 3 [+]         
1 39375U 13062A   15040.14150095 -.00000042  00000-0  10000-3 0  9995
2 39375   0.0204 133.1540 0002650 188.8108 297.8662  1.00272951  4550
