AKEBONO (EXOS-D)        
1 19822U 89016A   15040.90755056  .00053996  67745-6  12091-2 0  9995
2 19822  75.0431 161.6977 2148346 333.6356  91.8443 11.17108506810859
HST                     
1 20580U 90037B   15040.11685844  .00004182  00000-0  26246-3 0  9999
2 20580  28.4699 278.2756 0002903 307.8061 187.7359 15.06785293160475
POLAR                   
1 23802U 96013A   15038.67387796 -.00000130  00000-0  00000+0 0  9998
2 23802  78.8888 291.9561 7334920 359.7959   0.2759  1.29842456 90993
SWAS                    
1 25560U 98071A   15041.13308363  .00001801  00000-0  18675-3 0  9991
2 25560  69.8998 256.4190 0006747  16.6180 343.5194 14.91838094877482
ORSTED                  
1 25635U 99008B   15040.36397152  .00000553  00000-0  13979-3 0  9998
2 25635  96.4804 135.9830 0141458 106.0026 297.2369 14.47550042841970
CXO                     
1 25867U 99040B   15040.91410380  .00000540  00000-0  00000+0 0  9994
2 25867  77.0144 311.6415 7753511 270.8821   0.5475  0.37802787 12805
XMM-NEWTON              
1 25989U 99066A   15040.83286015 -.00000230  00000-0  00000+0 0  9991
2 25989  65.8625  47.0953 7897720  93.3246   0.3077  0.50315462 16585
TERRA                   
1 25994U 99068A   15041.45394359  .00000764  00000-0  17966-3 0  9993
2 25994  98.1991 117.7416 0001193  80.5204 279.6135 14.57112254805769
CLUSTER II-FM6 (SALSA)  
1 26410U 00041A   15041.10020588  .00000066  00000-0  00000+0 0  9994
2 26410 132.9802 322.4500 6078117 135.4297 359.3515  0.44471940 13702
CLUSTER II-FM7 (SAMBA)  
1 26411U 00041B   15038.93837403  .00000109  00000-0  00000+0 0  9992
2 26411 132.9340 322.5453 6094955 133.5252 359.1652  0.44216947 13777
CLUSTER II-FM5 (RUMBA)  
1 26463U 00045A   15041.19662179  .00000069  00000-0  00000+0 0  9996
2 26463 135.7011 321.4508 6163133 135.5986 359.2866  0.44219072 14287
CLUSTER II-FM8 (TANGO)  
1 26464U 00045B   15043.44922672 -.00000112  00000-0  00000+0 0  9994
2 26464 132.2179 324.5293 6544175 138.8959 359.4828  0.44225380 49631
ODIN                    
1 26702U 01007A   15041.15193396  .00006309  00000-0  45808-3 0  9999
2 26702  97.6467  55.9253 0014077  94.5925 265.6909 15.04157845762495
TIMED                   
1 26998U 01055B   15041.16869778  .00001276  00000-0  14648-3 0  9990
2 26998  74.0714 221.6879 0000509 223.6809 136.4331 14.87020849713890
RHESSI                  
1 27370U 02004A   15039.92211364  .00010718  00000-0  50354-3 0  9998
2 27370  38.0354 218.3151 0013134 298.7030  61.2416 15.19124427715049
INTEGRAL                
1 27540U 02048A   15040.99848888  .00000805  00000-0  00000+0 0  9996
2 27540  53.9221 224.5088 8551204 264.8007 359.8509  0.33293811 11194
CORIOLIS                
1 27640U 03001A   15039.98732723  .00000111  00000-0  74609-4 0  9995
2 27640  98.7542  50.4239 0013222 252.9374 203.4716 14.18800354626103
SORCE                   
1 27651U 03004A   15041.12844236  .00003472  00000-0  39277-3 0  9996
2 27651  39.9955  59.8081 0023699 329.9345  30.0082 14.87144574652920
MOST                    
1 27843U 03031D   15040.58417841  .00000092  00000-0  63085-4 0  9996
2 27843  98.7171  49.8987 0009171 332.8652 144.3181 14.20449407602062
SCISAT 1                
1 27858U 03036A   15040.59460365  .00000655  00000-0  98801-4 0  9996
2 27858  73.9330  81.8424 0007970  10.4182 106.2457 14.76623109619025
SWIFT                   
1 28485U 04047A   15040.29164053  .00006122  00000-0  43543-3 0  9995
2 28485  20.5588  10.1048 0011887 203.7903 156.1981 15.00799655558837
SUZAKU (ASTRO-EII)      
1 28773U 05025A   15041.22020947  .00008591  00000-0  49046-3 0  9995
2 28773  31.3837  86.9182 0004901  38.4170  14.7608 15.11468221527208
FORMOSAT-3 FM6          
1 29047U 06011A   15041.19600512  .00000383  00000-0  16784-3 0  9998
2 29047  71.9810 137.5007 0051198 193.8999 166.0732 14.28241750462253
FORMOSAT-3 FM1          
1 29048U 06011B   15041.15293159  .00000332  00000-0  14840-3 0  9995
2 29048  71.9687  50.6708 0042811 148.0348 256.7739 14.28213019464737
FORMOSAT-3 FM5          
1 29049U 06011C   15040.44853284  .00000338  00000-0  15116-3 0  9991
2 29049  72.0197 212.7048 0035401 193.6806 187.5366 14.28216294460399
FORMOSAT-3 FM3          
1 29050U 06011D   15040.52733113  .00002279  00000-0  50191-3 0  9998
2 29050  72.0169 196.7884 0052889 275.5160  83.9961 14.57526853471402
FORMOSAT-3 FM4          
1 29051U 06011E   15040.47479180  .00000201  00000-0  94881-4 0  9992
2 29051  72.0069 118.2008 0066810  63.6027 297.1946 14.28221576462994
FORMOSAT-3 FM2          
1 29052U 06011F   15040.47808262  .00000467  00000-0  20145-3 0  9995
2 29052  72.0352 186.6443 0039698 158.0618 266.2950 14.28322642461303
CLOUDSAT                
1 29107U 06016A   15040.85793462  .00000848  00000-0  19827-3 0  9996
2 29107  98.2281 346.3523 0000827  92.2454 267.8860 14.57103894467444
CALIPSO                 
1 29108U 06016B   15040.78814790  .00001675  00000-0  38180-3 0  9999
2 29108  98.2273 345.8247 0001007  81.5105 278.6212 14.57116384467368
HINODE (SOLAR-B)        
1 29479U 06041A   15041.03924484  .00000758  00000-0  15279-3 0  9994
2 29479  98.1431  42.1227 0017830  41.1925 319.0620 14.64238372447789
SJ-6C                   
1 29505U 06046A   15041.42066292  .00002195  00000-0  21401-3 0  9997
2 29505  97.7816  37.8806 0004424  71.4160 288.7544 14.93492229451795
SJ-6D                   
1 29506U 06046B   15041.40048797  .00001850  00000-0  18566-3 0  9991
2 29506  97.7970  36.6873 0003429 116.6318 243.5268 14.92518779451564
AGILE                   
1 31135U 07013A   15040.29407616  .00012266  00000-0  45589-3 0  9990
2 31135   2.4676 292.5069 0014822 359.3504   0.6530 15.23252011432161
AIM                     
1 31304U 07015A   15040.43087572  .00010925  00000-0  74952-3 0  9997
2 31304  97.9024 175.2672 0006218 160.7001 199.4462 15.06177668425324
FGRST (GLAST)           
1 33053U 08029A   15041.20197516  .00002724  00000-0  14790-3 0  9994
2 33053  25.5839  78.2164 0013355  84.4922 275.7136 15.09438707367452
IBEX                    
1 33401U 08051A   15032.41895533 -.00003137  00000-0  00000+0 0  9998
2 33401  15.1961 136.1755 6008669   1.7830 358.6104  0.12189929  2682
WISE                    
1 36119U 09071A   15040.53906445  .00007757  00000-0  32883-3 0  9996
2 36119  97.5092  55.6170 0004630  99.0982 261.0779 15.23402435285284
SDO                     
1 36395U 10005A   15041.25337755 -.00000058  00000-0  00000+0 0  9993
2 36395  28.0537 156.0674 0002651 179.7143 153.2681  1.00269350 18470
CRYOSAT 2               
1 36508U 10013A   15040.85060532  .00000299  00000-0  73073-4 0  9990
2 36508  92.0283 354.6658 0008907  37.4813 322.7014 14.52181708256598
PICARD                  
1 36598U 10028A   15041.45306860  .00000578  00000-0  15973-3 0  9993
2 36598  98.3013 227.3384 0003255  88.3833 271.7737 14.50221619246427
SPEKTR-R                
1 37755U 11037A   15047.58645658 -.00001331  00000-0  00000+0 0  9991
2 37755  57.6679 109.0900 6262912 190.3813   3.8448  0.11517077  1547
GCOM-W1 (SHIZUKU)       
1 38337U 12025A   15041.40192026  .00001154  00000-0  26625-3 0  9994
2 38337  98.2238 343.1053 0001057  58.8022 301.3281 14.57114759145456
NUSTAR                  
1 38358U 12031A   15039.98023579  .00004338  00000-0  40663-3 0  9995
2 38358   6.0274  59.2258 0012921 175.9923 184.0310 14.85894654144325
RBSP A                  
1 38752U 12046A   15039.95031578  .00000011  00000-0  96614-3 0  9995
2 38752   9.8182 229.6312 6831205  81.7904 344.6061  2.67375777 23868
RBSP B                  
1 38753U 12046B   15038.84552407 -.00000077  00000-0  14981-3 0  9992
2 38753   9.7970 234.0409 6838102  73.4411 347.1530  2.65864523 23728
NEOSSAT                 
1 39089U 13009D   15040.63899477  .00000206  00000-0  89230-4 0  9999
2 39089  98.6097 238.9579 0010196 323.3454  36.7032 14.34189614102324
BRITE-AUSTRIA           
1 39091U 13009F   15041.09565779  .00000217  00000-0  92269-4 0  9996
2 39091  98.6096 240.0971 0009813 335.3362  24.7353 14.34827126102433
UNIBRITE                
1 39092U 13009G   15041.15857415  .00000203  00000-0  87296-4 0  9994
2 39092  98.6095 239.9913 0008613 328.2254  31.8410 14.34699477102433
IRIS                    
1 39197U 13033A   15040.50792856  .00001618  00000-0  23250-3 0  9992
2 39197  97.9040 225.9160 0029432  73.4840 286.9601 14.77503978 87267
HISAKI (SPRINT-A)       
1 39253U 13049A   15040.48789922  .00000144  00000-0  10499-3 0  9993
2 39253  29.7219  47.2685 0136767 262.0894  96.4135 13.55104416 69673
CASSIOPE                
1 39265U 13055A   15040.95510786  .00025431  00000-0  80497-3 0  9996
2 39265  80.9799 176.1070 0742762 198.2387 309.3603 14.09730250 69894
DANDE                   
1 39267U 13055C   15040.37555376  .00020913  00000-0  68427-3 0  9997
2 39267  80.9945 177.8369 0753247 202.9704 153.6083 14.06798303 69739
STSAT-3                 
1 39422U 13066G   15041.48535948  .00002402  00000-0  26540-3 0  9991
2 39422  97.7568 115.3247 0023390 187.7344 172.3508 14.88153066 66299
BRITE-PL                
1 39431U 13066R   15040.70050481  .00000576  00000-0  13509-3 0  9990
2 39431  97.7165  85.4508 0202840 253.2987 104.5858 14.46328898 64328
SWARM B                 
1 39451U 13067A   15041.36282249  .00002119  00000-0  10000-3 0  9993
2 39451  87.7593 144.1492 0003619  70.1143 290.0639 15.18919243 67536
SWARM A                 
1 39452U 13067B   15041.22961566  .00008703  00000-0  24217-3 0  9995
2 39452  87.3533 122.0419 0003595  73.7314 286.4330 15.36663779 68104
SWARM C                 
1 39453U 13067C   15040.83883150  .00008786  00000-0  24453-3 0  9997
2 39453  87.3535 123.5860 0003553  75.4431 284.7215 15.36656316 68007
BRITE-TORONTO           
1 40020U 14033L   15041.26163514  .00001084  00000-0  19639-3 0  9990
2 40020  97.9517 293.6288 0088359 170.6220 189.6657 14.65786290 34383
OCO 2                   
1 40059U 14035A   15041.40009312  .00001153  00000-0  26605-3 0  9993
2 40059  98.2241 344.2908 0000940  64.9567 295.1728 14.57086538 32484
BRITE-PL 2              
1 40119U 14049B   15041.16050457  .00001882  00000-0  23706-3 0  9992
2 40119  98.0010 117.8382 0018060   9.1298 351.0308 14.83118419 25938
RESURS P2               
1 40360U 14087A   15041.45011671  .00005999  00000-0  18775-3 0  9992
2 40360  97.2880 137.5649 0004679 306.4187 184.0083 15.33481440  7014
