ISS (ZARYA)             
1 25544U 98067A   15041.39876962  .00021751  00000-0  32937-3 0  9994
2 25544  51.6475 357.2057 0005805 350.7132 153.4323 15.54574265928305
TIANGONG 1              
1 37820U 11053A   15041.25697483  .00058854  00000-0  48602-3 0  9998
2 37820  42.7704 317.2231 0012826 326.4440 171.2709 15.69348435193421
FLOCK 1B-24             
1 40122U 98067EU  15041.21676200  .00309237  00000-0  14569-2 0  9995
2 40122  51.6303 343.8372 0002498  47.4959 105.9513 15.81677205 63016
FLOCK 1B-23             
1 40123U 98067EV  15041.31499266  .00327686  00000-0  10731-2 0  9997
2 40123  51.6263 342.2560 0005296 138.1892 358.3205 15.89165848 63045
FLOCK 1B-2              
1 40132U 98067FB  15041.31321815  .00324500  00000-0  12935-2 0  9991
2 40132  51.6296 341.4695 0003839  58.3451  78.2156 15.85176497 26978
FLOCK 1B-8              
1 40133U 98067FC  15041.30799116  .00667236  00000-0  20096-2 0  9997
2 40133  51.6286 340.6988 0003727  58.8357  75.2387 15.90051553 63289
FLOCK 1B-17             
1 40140U 98067FF  15041.31517429  .00356625  59429-4  10535-2 0  9998
2 40140  51.6280 342.2489 0003413  62.8109  74.6878 15.92057772 24733
SPINSAT                 
1 40314U 98067FL  15040.52230655  .00026803  00000-0  39984-3 0  9995
2 40314  51.6448   1.3965 0006123   5.7525 354.3535 15.54853025 62770
DRAGON CRS-5            
1 40370U 15001A   15012.37614128  .00015029  00000-0  24160-3 0  9995
2 40370  51.6468 141.8063 0006103 243.0591 165.4479 15.53207751   319
AESP 14                 
1 40389U 98067FM  15040.16614721  .00131664  00000-0  18435-2 0  9996
2 40389  51.6469   3.3319 0006157  10.2468  83.2738 15.55830153  6098
