TDRS 3                  
1 19548U 88091B   15040.49992536 -.00000297  00000-0  00000+0 0  9998
2 19548  14.5420  17.4227 0039060 298.7406 300.8127  1.00275703 83818
HST                     
1 20580U 90037B   15040.11685844  .00004182  00000-0  26246-3 0  9999
2 20580  28.4699 278.2756 0002903 307.8061 187.7359 15.06785293160475
TDRS 5                  
1 21639U 91054B   15040.75482718  .00000091  00000-0  00000+0 0  9991
2 21639  13.5964  30.9559 0019364 323.3595 249.5474  1.00264765 86151
TDRS 6                  
1 22314U 93003B   15039.65800056 -.00000289  00000-0  00000+0 0  9994
2 22314  13.0569  33.7931 0006647 300.4239 355.2835  1.00274406 80832
TDRS 7                  
1 23613U 95035B   15040.07800983 -.00000197  00000-0  00000+0 0  9999
2 23613  14.4019  24.6100 0022074   0.5697 226.6177  1.00271700 71604
TRMM                    
1 25063U 97074A   15040.32234234  .00067244  00000-0  49339-3 0  9990
2 25063  34.9536 358.5874 0004203 252.8290 233.5798 15.71922660981784
ISS (ZARYA)             
1 25544U 98067A   15041.39876962  .00021751  00000-0  32937-3 0  9994
2 25544  51.6475 357.2057 0005805 350.7132 153.4323 15.54574265928305
LANDSAT 7               
1 25682U 99020A   15041.30335186  .00000743  00000-0  17496-3 0  9997
2 25682  98.2094 112.8029 0000931  84.6227 275.5087 14.57117139841660
TERRA                   
1 25994U 99068A   15041.45394359  .00000764  00000-0  17966-3 0  9993
2 25994  98.1991 117.7416 0001193  80.5204 279.6135 14.57112254805769
TDRS 8                  
1 26388U 00034A   15040.56307419 -.00000229  00000-0  00000+0 0  9992
2 26388   5.9619  64.1704 0005592 219.1832 147.8211  1.00277370 53614
EO-1                    
1 26619U 00075A   15041.41365982  .00000854  00000-0  17213-3 0  9999
2 26619  97.9467  95.2102 0008772 306.3484  53.6923 14.63848633758014
TIMED                   
1 26998U 01055B   15041.16869778  .00001276  00000-0  14648-3 0  9990
2 26998  74.0714 221.6879 0000509 223.6809 136.4331 14.87020849713890
TDRS 9                  
1 27389U 02011A   15040.41680725 -.00000266  00000-0  10000-3 0  9995
2 27389   3.4725  93.0040 0009774 292.5301 222.8624  1.00271821 48872
AQUA                    
1 27424U 02022A   15040.26401942  .00000956  00000-0  22224-3 0  9998
2 27424  98.2273 343.0619 0001100  90.0507  48.0193 14.57109822679197
TDRS 10                 
1 27566U 02055A   15039.56810534  .00000078  00000-0  00000+0 0  9992
2 27566   3.4922  62.3680 0008979 213.8506 252.2190  1.00275012 44660
SORCE                   
1 27651U 03004A   15041.12844236  .00003472  00000-0  39277-3 0  9996
2 27651  39.9955  59.8081 0023699 329.9345  30.0082 14.87144574652920
AURA                    
1 28376U 04026A   15041.20454231  .00001529  00000-0  34936-3 0  9995
2 28376  98.2262 346.1599 0001152  90.4992 269.6349 14.57113913562384
SWIFT                   
1 28485U 04047A   15040.29164053  .00006122  00000-0  43543-3 0  9995
2 28485  20.5588  10.1048 0011887 203.7903 156.1981 15.00799655558837
THEMIS A                
1 30580U 07004A   15040.66598779 -.00000174  00000-0  00000+0 0  9996
2 30580  13.4331 337.1868 8300211 241.6868   2.0309  1.00265792 29017
THEMIS D                
1 30797U 07004D   15040.83464819 -.00000042  00000-0  00000+0 0  9996
2 30797   8.3080 316.1927 8279068 261.8039   0.2064  1.00268531 28878
THEMIS E                
1 30798U 07004E   15040.74857319 -.00000097  00000-0  00000+0 0  9998
2 30798   9.1665 329.4571 8280128 249.8585 359.7979  1.00274926 29020
AIM                     
1 31304U 07015A   15040.43087572  .00010925  00000-0  74952-3 0  9997
2 31304  97.9024 175.2672 0006218 160.7001 199.4462 15.06177668425324
C/NOFS                  
1 32765U 08017A   15040.91908586  .00064790  00000-0  11409-2 0  9998
2 32765  12.9988 301.1476 0129396 316.5668 126.7204 15.39596458373212
FGRST (GLAST)           
1 33053U 08029A   15041.20197516  .00002724  00000-0  14790-3 0  9994
2 33053  25.5839  78.2164 0013355  84.4922 275.7136 15.09438707367452
WISE                    
1 36119U 09071A   15040.53906445  .00007757  00000-0  32883-3 0  9996
2 36119  97.5092  55.6170 0004630  99.0982 261.0779 15.23402435285284
TDRS 11                 
1 39070U 13004A   15041.50407198  .00000094  00000-0  00000+0 0  9994
2 39070   6.3723 330.2241 0010505 274.7701 265.5114  1.00269310  7458
TDRS 12                 
1 39504U 14004A   15040.92013889 -.00000270  00000-0  00000+0 0  9999
2 39504   6.7200 338.2814 0003510 353.2254  97.9319  1.00270441  3886
