METEOSAT-7              
1 24932U 97049B   15041.07519116  .00000054  00000-0  00000+0 0  9998
2 24932   9.4779  45.6240 0001128 250.2603 288.5281  1.00271729 63876
NOAA 15                 
1 25338U 98030A   15041.21587811  .00000202  00000-0  10430-3 0  9990
2 25338  98.7681  39.8054 0011004 171.9332 316.8821 14.25563248870759
METEOSAT-8 (MSG-1)      
1 27509U 02040B   15041.07391811  .00000020  00000-0  00000+0 0  9991
2 27509   3.3041  61.5426 0002811 182.1510 286.4893  1.00277190 45680
KALPANA-1 (METSAT 1)    
1 27525U 02043A   15038.72937646 -.00000085  00000-0  00000+0 0  9994
2 27525   4.8387  61.5096 0014518 216.8113 195.5888  1.00273278 45464
INSAT-3A                
1 27714U 03013A   15041.58405175 -.00000260  00000-0  00000+0 0  9992
2 27714   0.0512 264.4344 0002229 132.9866  46.6538  1.00272825 43396
HIMAWARI-6 (MTSAT-1R)   
1 28622U 05006A   15041.23961525 -.00000284  00000-0  00000+0 0  9999
2 28622   0.0157 212.5223 0004771 133.9449  19.6760  1.00269990 36457
NOAA 18                 
1 28654U 05018A   15041.19246919  .00000187  00000-0  12737-3 0  9990
2 28654  99.1753  30.8026 0013537 319.2642 169.9187 14.12147531501158
METEOSAT-9 (MSG-2)      
1 28912U 05049B   15040.15775887  .00000062  00000-0  00000+0 0  9995
2 28912   0.6035  47.5124 0000587 260.9165 256.7976  1.00280197 33523
MTSAT-2                 
1 28937U 06004A   15040.42738855 -.00000246  00000-0  00000+0 0  9993
2 28937   0.0225  91.4152 0003876 227.1497 119.4594  1.00270001 32849
FORMOSAT-3 FM6          
1 29047U 06011A   15041.19600512  .00000383  00000-0  16784-3 0  9998
2 29047  71.9810 137.5007 0051198 193.8999 166.0732 14.28241750462253
FORMOSAT-3 FM1          
1 29048U 06011B   15041.15293159  .00000332  00000-0  14840-3 0  9995
2 29048  71.9687  50.6708 0042811 148.0348 256.7739 14.28213019464737
FORMOSAT-3 FM5          
1 29049U 06011C   15040.44853284  .00000338  00000-0  15116-3 0  9991
2 29049  72.0197 212.7048 0035401 193.6806 187.5366 14.28216294460399
FORMOSAT-3 FM3          
1 29050U 06011D   15040.52733113  .00002279  00000-0  50191-3 0  9998
2 29050  72.0169 196.7884 0052889 275.5160  83.9961 14.57526853471402
FORMOSAT-3 FM4          
1 29051U 06011E   15040.47479180  .00000201  00000-0  94881-4 0  9992
2 29051  72.0069 118.2008 0066810  63.6027 297.1946 14.28221576462994
FORMOSAT-3 FM2          
1 29052U 06011F   15040.47808262  .00000467  00000-0  20145-3 0  9995
2 29052  72.0352 186.6443 0039698 158.0618 266.2950 14.28322642461303
GOES 13                 
1 29155U 06018A   15041.42623539 -.00000250  00000-0  00000+0 0  9999
2 29155   0.3078  92.2297 0001808 296.7391 189.3721  1.00262272 31958
METOP-A                 
1 29499U 06044A   15040.57149199  .00000111  00000-0  70743-4 0  9990
2 29499  98.6926 101.9878 0001759 139.0468 358.7364 14.21482962431151
FENGYUN 2D              
1 29640U 06053A   15040.89687609 -.00000203  00000-0  10000-3 0  9998
2 29640   2.8355  68.9249 0000873 124.7030 355.2988  1.00278164 29997
FENGYUN 3A              
1 32958U 08026A   15041.30715274  .00000172  00000-0  10135-3 0  9996
2 32958  98.5215  96.7096 0009023 245.3819 114.6416 14.19525309347626
FENGYUN 2E              
1 33463U 08066A   15041.59589895 -.00000334  00000-0  10000-3 0  9993
2 33463   2.3706  58.2825 0000313 190.1841 210.8741  1.00270205 22543
NOAA 19                 
1 33591U 09005A   15041.19774556  .00000321  00000-0  20045-3 0  9990
2 33591  98.9756 350.8787 0014428 164.3800 307.9984 14.11870553309575
GOES 14                 
1 35491U 09033A   15041.37513818 -.00000096  00000-0  00000+0 0  9999
2 35491   0.0314 247.6083 0001955 358.8958 284.3020  1.00272044 20605
METEOR-M 1              
1 35865U 09049A   15041.55533116  .00000196  00000-0  10787-3 0  9991
2 35865  98.5178  86.3311 0002983 115.2665 244.8823 14.21989510280211
GOES 15                 
1 36411U 10008A   15041.46489904  .00000087  00000-0  00000+0 0  9993
2 36411   0.0908 249.9841 0002680  95.3250 187.0031  1.00266840 18120
COMS 1                  
1 36744U 10032A   15041.27072250 -.00000347  00000-0  10000-3 0  9995
2 36744   0.0270  65.5640 0001080 288.3525  11.7597  1.00271939 17092
FENGYUN 3B              
1 37214U 10059A   15041.46606173  .00000183  00000-0  10825-3 0  9997
2 37214  98.8779 355.0752 0001224 111.3497 248.7817 14.19554832221148
ELEKTRO-L 1 (GOMS 2)    
1 37344U 11001A   15040.75287869 -.00000098  00000-0  00000+0 0  9993
2 37344   0.7151  81.0110 0001497 175.0127 230.3837  1.00269845 14907
SUOMI NPP               
1 37849U 11061A   15040.87076984  .00000099  00000-0  67359-4 0  9991
2 37849  98.6869 342.5238 0001679  99.9577 327.5420 14.19558333170312
FENGYUN 2F              
1 38049U 12002A   15040.89657513 -.00000359  00000-0  10000-3 0  9995
2 38049   0.1689 343.1364 0002007 148.4319  82.9513  1.00272845 11327
METEOSAT-10 (MSG-3)     
1 38552U 12035B   15040.20573866 -.00000005  00000-0  00000+0 0  9996
2 38552   0.5855 141.4389 0001077 174.0518 257.5096  1.00279234  9640
METOP-B                 
1 38771U 12049A   15040.81467788  .00000108  00000-0  69182-4 0  9990
2 38771  98.7147 102.5018 0001550 161.5477 309.9369 14.21494894124320
FENGYUN 3C              
1 39260U 13052A   15041.49712552  .00000155  00000-0  94537-4 0  9990
2 39260  98.7444 115.3461 0000501  64.9980 295.1252 14.19531015 71690
METEOR-M 2              
1 40069U 14037A   15041.45139187  .00000066  00000-0  51220-4 0  9999
2 40069  98.7760  97.1482 0005927 159.1496 200.9928 14.20596467 30778
HIMAWARI 8              
1 40267U 14060A   15040.42728183 -.00000278  00000-0  00000+0 0  9992
2 40267   0.0445 283.7233 0001243  38.2709 111.7245  1.00272768  1297
FENGYUN 2G              
1 40367U 14090A   15040.83553542 -.00000301  00000-0  00000+0 0  9993
2 40367   2.2041 278.1521 0003165 229.1477  32.4930  1.00262248   471
