CUTE-1 (CO-55)          
1 27844U 03031E   15040.48270929  .00000348  00000-0  17822-3 0  9991
2 27844  98.6976  50.8300 0008722 313.1212 202.0735 14.21708983602291
CUBESAT XI-IV (CO-57)   
1 27848U 03031J   15040.46547384  .00000305  00000-0  15994-3 0  9996
2 27848  98.7072  50.6531 0008695 321.0785 164.8023 14.21368858602208
CUBESAT XI-V (CO-58)    
1 28895U 05043F   15040.47130494  .00001155  00000-0  23621-3 0  9995
2 28895  97.8224 234.9214 0016554 344.9084  15.1622 14.62489219494925
NTS (CANX-6)            
1 32784U 08021B   15040.41593293  .00002390  00000-0  28446-3 0  9992
2 32784  97.6660  86.2380 0016067 127.7256 357.4860 14.85180666367090
CUTE-1.7+APD II (CO-65) 
1 32785U 08021C   15040.83298700  .00002086  00000-0  24207-3 0  9997
2 32785  97.6670  89.0123 0014895 124.5263 287.2553 14.86357946367310
COMPASS-1               
1 32787U 08021E   15040.83802279  .00004401  00000-0  46355-3 0  9992
2 32787  97.6693  92.3842 0014729 114.2314 246.0445 14.89777301367543
DELFI-C3 (DO-64)        
1 32789U 08021G   15040.40563808  .00012398  00000-0  10636-2 0  9995
2 32789  97.6912 102.3810 0012858  95.0048 326.3936 14.97572875367946
CANX-2                  
1 32790U 08021H   15040.56830994  .00002258  00000-0  26262-3 0  9994
2 32790  97.6629  87.8317 0015599 126.0597  34.0149 14.86177870367236
SEEDS II (CO-66)        
1 32791U 08021J   15040.42885079  .00003883  00000-0  42743-3 0  9991
2 32791  97.6689  90.1982 0015455 120.1745 240.1005 14.88040855367313
SWISSCUBE               
1 35932U 09051B   15040.28436749  .00001277  00000-0  30651-3 0  9995
2 35932  98.3938 158.3116 0007685  21.0771 339.0741 14.55098900285365
BEESAT                  
1 35933U 09051C   15041.11882060  .00001032  00000-0  24873-3 0  9998
2 35933  98.3947 160.0109 0006117  34.9163 325.2434 14.55328326285572
ITUPSAT 1               
1 35935U 09051E   15041.12736592  .00000910  00000-0  22414-3 0  9992
2 35935  98.4050 160.2593 0008225  21.7664 338.3881 14.54586457285459
TISAT 1                 
1 36799U 10035E   15041.18680132  .00005233  00000-0  58184-3 0  9995
2 36799  98.0124 140.2137 0012162 262.3707 130.3596 14.87548456248077
M-CUBED & EXP-1 PRIME   
1 37855U 11061F   15041.11263816  .00011796  00000-0  72586-3 0  9991
2 37855 101.7131 191.7034 0201707  84.2372 278.1791 14.94899413178151
AAUSAT3                 
1 39087U 13009B   15041.49436031  .00000985  00000-0  36181-3 0  9995
2 39087  98.6088 240.2836 0011968 325.6135  34.4286 14.34939574102484
STRAND-1                
1 39090U 13009E   15040.47516456  .00000252  00000-0  10460-3 0  9995
2 39090  98.6149 239.7553 0008439 328.6648  31.4033 14.34718498102337
BRITE-AUSTRIA           
1 39091U 13009F   15041.09565779  .00000217  00000-0  92269-4 0  9996
2 39091  98.6096 240.0971 0009813 335.3362  24.7353 14.34827126102433
UNIBRITE                
1 39092U 13009G   15041.15857415  .00000203  00000-0  87296-4 0  9994
2 39092  98.6095 239.9913 0008613 328.2254  31.8410 14.34699477102433
DOVE-2                  
1 39132U 13015C   15041.49321360  .00006313  00000-0  46490-3 0  9996
2 39132  64.8788 112.1265 0039311 261.6503  98.0183 15.03571872 99375
AIST-2                  
1 39133U 13015D   15041.52289796  .00004144  00000-0  32000-3 0  9999
2 39133  64.8773 113.2159 0038866 262.0351  97.6352 15.02338295 99354
SOMP                    
1 39134U 13015E   15041.14606026  .00012428  00000-0  76604-3 0  9999
2 39134  64.8737 103.2745 0034930 270.4653  89.2467 15.09745318 99507
BEESAT-2                
1 39136U 13015G   15040.54915534  .00011066  00000-0  70704-3 0  9993
2 39136  64.8741 106.6577 0035445 270.3382  89.3678 15.08492289 99391
NEE-01 PEGASUS          
1 39151U 13018B   15041.21540228  .00002170  00000-0  30417-3 0  9995
2 39151  98.0230 125.8228 0016466 305.5197  54.4477 14.78459300 96708
CUBEBUG-1 (CAPITAN BETO)
1 39153U 13018D   15041.16591874  .00002158  00000-0  30058-3 0  9991
2 39153  98.0235 125.9081 0016326 305.5032  54.4655 14.78737488 96700
ESTCUBE 1               
1 39161U 13021C   15041.47620324  .00002206  00000-0  36912-3 0  9990
2 39161  98.0795 125.5122 0009997   5.1144 355.0171 14.70790035 94615
POPACS 1                
1 39268U 13055D   15040.79235292  .00034149  00000-0  10904-2 0  9998
2 39268  81.0122 174.8959 0720365 192.6067 165.6231 14.14257155 69982
POPACS 2                
1 39269U 13055E   15040.80168853  .00022912  00000-0  73789-3 0  9995
2 39269  81.0099 176.7976 0746041 199.0003 158.1929 14.08662824 69859
POPACS 3                
1 39270U 13055F   15041.08049136  .00017346  00000-0  56875-3 0  9992
2 39270  80.9968 177.6923 0759569 201.4639 155.3049 14.05415446 69820
PHONESAT 2.4            
1 39381U 13064B   15040.36458473  .00031073  00000-0  85394-3 0  9994
2 39381  40.5003 147.6186 0008570  75.3093 284.8670 15.36497651 68251
KYSAT II                
1 39384U 13064E   15041.53552508  .03638602  24511-1  31119-2 0  9994
2 39384  40.4790  92.3027 0007889 108.6869 251.5619 16.15532572 68972
ORSES                   
1 39386U 13064G   15040.70729870  .00045623  00000-0  10439-2 0  9992
2 39386  40.4979 137.7296 0007927  77.1060 283.0641 15.41952846 68097
ORS TECH 1              
1 39387U 13064H   15040.61502561  .00242020  00000-0  20556-2 0  9990
2 39387  40.5097 113.1965 0018741  99.3104 260.9842 15.67826403 68670
PROMETHEUS 1-4          
1 39390U 13064L   15040.49392346  .00050403  00000-0  11147-2 0  9996
2 39390  40.4978 137.8512 0008903  78.9652 281.2165 15.42924723 67559
PROMETHEUS 1-2          
1 39391U 13064M   15040.49516173  .00051385  00000-0  11329-2 0  9995
2 39391  40.4978 137.8634 0008899  78.8032 281.3785 15.43010140 66312
PROMETHEUS 1-5          
1 39393U 13064P   15040.47549117  .00055135  00000-0  11929-2 0  9992
2 39393  40.5166 137.4921 0010219  89.6907 270.5081 15.43531490 67517
PROMETHEUS 1-6          
1 39394U 13064Q   15040.47797514  .00052452  00000-0  11562-2 0  9991
2 39394  40.5150 138.3686 0010386  86.2356 273.9648 15.42994617 67479
ORS TECH 2              
1 39396U 13064S   15040.64556460  .00188359  00000-0  18593-2 0  9992
2 39396  40.5085 115.2328 0017755 100.1373 260.1455 15.64293053 67752
FIREFLY                 
1 39404U 13064AA  15040.48956187  .00027235  00000-0  78173-3 0  9990
2 39404  40.5149 149.2745 0004657  72.4846 287.6476 15.35214306 67687
VERMONT LUNAR           
1 39407U 13064AD  15040.46985158  .00053937  00000-0  11573-2 0  9999
2 39407  40.5194 137.5802 0008854  82.9380 277.2443 15.43798855 66140
PROMETHEUS 1-3          
1 39408U 13064AE  15040.66502296  .00052554  00000-0  11524-2 0  9990
2 39408  40.4987 136.5245 0009002  83.6145 276.5696 15.43162839 68289
ZACUBE-1 (TSHEPISOSAT)  
1 39417U 13066B   15040.84525707  .00003624  00000-0  48013-3 0  9992
2 39417  97.7459 108.0831 0061068 189.9054 170.0959 14.79187570 65804
WNISAT-1                
1 39423U 13066H   15041.34159676  .00001242  00000-0  25984-3 0  9999
2 39423  97.7202  89.9662 0176325 239.3752 118.9960 14.52203158 64695
CINEMA-2 (KHUSAT-2)     
1 39424U 13066J   15040.48555456  .00002056  00000-0  31988-3 0  9995
2 39424  97.7379 102.1583 0094433 204.5474 155.1223 14.71080835 65394
CINEMA-3 (KHUSAT-2)     
1 39426U 13066L   15039.85786772  .00001177  00000-0  19567-3 0  9995
2 39426  97.7339  99.6527 0106105 211.6825 147.7968 14.68279869 65182
TRITON-1                
1 39427U 13066M   15040.41019194  .00002401  00000-0  40269-3 0  9991
2 39427  97.7330  98.5959 0116107 214.3121 145.0546 14.66236337 65132
GOMX 1                  
1 39430U 13066Q   15041.37521084  .00002430  00000-0  46221-3 0  9993
2 39430  97.7261  93.5582 0153790 228.8716 129.9142 14.57653344 64903
BRITE-PL                
1 39431U 13066R   15040.70050481  .00000576  00000-0  13509-3 0  9990
2 39431  97.7165  85.4508 0202840 253.2987 104.5858 14.46328898 64328
HUMSAT-D                
1 39433U 13066T   15041.18146503  .00005775  00000-0  62202-3 0  9996
2 39433  97.7530 114.3374 0033399 179.3069 180.8200 14.88427062 66216
EAGLE 2                 
1 39436U 13066W   15040.47879309  .00034541  00000-0  27645-2 0  9991
2 39436  97.7521 116.4642 0023048 175.6379 184.5050 14.99874243 66306
VELOX-PII               
1 39438U 13066Y   15041.12756770  .00002059  00000-0  29182-3 0  9990
2 39438  97.7433 106.4025 0072627 193.4272 166.5008 14.76284292 65712
CUBEBUG-2 (LO-74)       
1 39440U 13066AA  15040.33590614  .00003129  00000-0  45762-3 0  9999
2 39440  97.7413 104.0003 0082647 199.9123 159.8855 14.74044839 65491
NEE-02 KRYSAOR          
1 39441U 13066AB  15041.15213623  .00001959  00000-0  29218-3 0  9990
2 39441  97.7402 104.5887 0083512 197.8037 162.0243 14.73578941 65568
FUNCUBE-1 (AO-73)       
1 39444U 13066AE  15041.12106410  .00004185  00000-0  54804-3 0  9998
2 39444  97.7461 108.4928 0060604 188.4965 171.5227 14.79611303 64627
UWE-3                   
1 39446U 13066AG  15041.15931673  .00002808  00000-0  39307-3 0  9991
2 39446  97.7431 106.5097 0072344 192.9876 166.9474 14.76530566 64504
BRITE-TORONTO           
1 40020U 14033L   15041.26163514  .00001084  00000-0  19639-3 0  9990
2 40020  97.9517 293.6288 0088359 170.6220 189.6657 14.65786290 34383
DUCHIFAT-1              
1 40021U 14033M   15041.45080780  .00005605  00000-0  62934-3 0  9994
2 40021  97.9653 301.6556 0012711 239.8259 120.1678 14.87109937 34960
NANOSATC-BR1            
1 40024U 14033Q   15041.41013846  .00004708  00000-0  53373-3 0  9992
2 40024  97.9634 301.5018 0011692 238.7808 121.2275 14.86809258 34955
QB50P1                  
1 40025U 14033R   15041.42897532  .00003858  00000-0  44162-3 0  9997
2 40025  97.9655 301.4781 0011709 239.3220 120.6840 14.86520311 34961
FLOCK 1C-7              
1 40026U 14033S   15041.41077124  .00002354  00000-0  27047-3 0  9997
2 40026  97.9710 301.6652 0010944 240.1231 119.8892 14.86766203 34964
FLOCK 1C-1              
1 40027U 14033T   15041.50047455  .00003025  00000-0  34544-3 0  9998
2 40027  97.9694 301.7021 0011934 239.1681 120.8390 14.86785280 34976
POPSAT-HIP-1            
1 40028U 14033U   15041.38739276  .00004012  00000-0  46063-3 0  9990
2 40028  97.9678 301.4836 0013344 236.0604 123.9320 14.86362067 34946
FLOCK 1C-2              
1 40029U 14033V   15041.31005897  .00002724  00000-0  31165-3 0  9994
2 40029  97.9681 301.4736 0013581 235.6944 124.2982 14.86779451 34931
FLOCK 1C-4              
1 40031U 14033X   15041.50475526  .00002833  00000-0  32392-3 0  9992
2 40031  97.9688 301.6910 0014047 232.7797 127.2139 14.86768157 34959
QB50P2                  
1 40032U 14033Y   15041.29110769  .00003920  00000-0  45328-3 0  9995
2 40032  97.9625 301.1844 0011422 231.5106 128.5092 14.86095633 34939
FLOCK 1C-11             
1 40033U 14033Z   15041.45147117  .00002744  00000-0  31378-3 0  9994
2 40033  97.9713 301.6322 0011917 231.5170 128.4956 14.86810718 34964
ANTELSAT                
1 40034U 14033AA  15041.58160116  .00002770  00000-0  43450-3 0  9996
2 40034  97.9591 296.3423 0060523 164.2327 196.0783 14.72225653 34663
FLOCK 1C-9              
1 40035U 14033AB  15041.18996636  .00002911  00000-0  33260-3 0  9992
2 40035  97.9715 301.3848 0011648 228.1161 131.9051 14.86791414 34912
FLOCK 1C-6              
1 40036U 14033AC  15041.53822266  .00002924  00000-0  33389-3 0  9995
2 40036  97.9706 301.7295 0011380 229.7064 130.3139 14.86811763 34971
PERSEUS-M2              
1 40037U 14033AD  15041.35472845  .00001839  00000-0  22014-3 0  9997
2 40037  97.9691 301.2523 0013536 230.9222 129.0791 14.85307483 34921
FLOCK 1C-5              
1 40038U 14033AE  15041.41746530  .00003057  00000-0  34907-3 0  9998
2 40038  97.9725 301.5496 0013736 228.2147 131.7931 14.86766781 34949
PERSEUS-M1              
1 40039U 14033AF  15041.34304915  .00001773  00000-0  21434-3 0  9992
2 40039  97.9697 301.1592 0013587 224.0156 135.9964 14.84948757 34922
FLOCK 1C-8              
1 40040U 14033AG  15041.34907825  .00007768  00000-0  87304-3 0  9991
2 40040  97.9742 301.5210 0012734 222.3113 137.7149 14.86944487 34937
FLOCK 1C-3              
1 40041U 14033AH  15041.49195273  .00002913  00000-0  33299-3 0  9995
2 40041  97.9713 301.6382 0012467 223.9096 136.1141 14.86775701 34955
POLYITAN-1              
1 40042U 14033AJ  15041.44569636  .00004684  00000-0  54477-3 0  9997
2 40042  97.9722 301.3721 0014432 223.8643 136.1409 14.85730343 34938
TIGRISAT                
1 40043U 14033AK  15041.17381438  .00002054  00000-0  31903-3 0  9998
2 40043  97.9587 296.2047 0061198 168.9162 191.3413 14.72910612 34479
LEMUR-1                 
1 40044U 14033AL  15041.12192769  .00001637  00000-0  25681-3 0  9993
2 40044  97.9591 296.1272 0060123 169.3362 190.9149 14.72785621 34479
AEROCUBE 6A             
1 40045U 14033AM  15041.34407979  .00003825  00000-0  59074-3 0  9994
2 40045  97.9608 296.2011 0060001 165.0897 195.2077 14.72691576 34352
AEROCUBE 6B             
1 40046U 14033AN  15041.41276628  .00003913  00000-0  60405-3 0  9996
2 40046  97.9593 296.2562 0059789 164.6596 195.6435 14.72701153 34499
UKUBE-1                 
1 40074U 14037F   15041.42506775  .00003734  00000-0  48300-3 0  9992
2 40074  98.3740 107.9780 0004028 302.4767  57.6062 14.81539163 32061
BRITE-PL 2              
1 40119U 14049B   15041.16050457  .00001882  00000-0  23706-3 0  9992
2 40119  98.0010 117.8382 0018060   9.1298 351.0308 14.83118419 25938
FLOCK 1B-24             
1 40122U 98067EU  15041.21676200  .00309237  00000-0  14569-2 0  9995
2 40122  51.6303 343.8372 0002498  47.4959 105.9513 15.81677205 63016
FLOCK 1B-23             
1 40123U 98067EV  15041.31499266  .00327686  00000-0  10731-2 0  9997
2 40123  51.6263 342.2560 0005296 138.1892 358.3205 15.89165848 63045
FLOCK 1B-2              
1 40132U 98067FB  15041.31321815  .00324500  00000-0  12935-2 0  9991
2 40132  51.6296 341.4695 0003839  58.3451  78.2156 15.85176497 26978
FLOCK 1B-8              
1 40133U 98067FC  15041.30799116  .00667236  00000-0  20096-2 0  9997
2 40133  51.6286 340.6988 0003727  58.8357  75.2387 15.90051553 63289
FLOCK 1B-17             
1 40140U 98067FF  15041.31517429  .00356625  59429-4  10535-2 0  9998
2 40140  51.6280 342.2489 0003413  62.8109  74.6878 15.92057772 24733
FIREBIRD 4              
1 40378U 15003C   15041.48492993  .00020569  00000-0  10784-2 0  9994
2 40378  99.1256  51.7533 0166210 307.7252  50.9001 15.04594180  1487
GRIFEX                  
1 40379U 15003D   15041.55218331  .00016614  00000-0  87729-3 0  9995
2 40379  99.1267  51.8322 0165958 308.3987  50.2389 15.04445527  1490
EXOCUBE                 
1 40380U 15003E   15041.48659482  .00013715  00000-0  72987-3 0  9994
2 40380  99.1289  51.7568 0165745 307.8071  50.8219 15.04272280  1480
AESP 14                 
1 40389U 98067FM  15040.16614721  .00131664  00000-0  18435-2 0  9996
2 40389  51.6469   3.3319 0006157  10.2468  83.2738 15.55830153  6098
