SAUDISAT 1C             
1 27607U 02058C   15040.47106014  .00000977  00000-0  16152-3 0  9991
2 27607  64.5548 228.6784 0073838 314.0280  45.4752 14.74437224652457
SAUDISAT 2              
1 28371U 04025F   15041.37907718  .00000637  00000-0  16077-3 0  9995
2 28371  98.0125  15.0259 0026788 117.3896 243.0035 14.53940780563176
UNISAT 3                
1 28373U 04025H   15040.39797737  .00000702  00000-0  20838-3 0  9999
2 28373  98.2373 351.8333 0068260 299.4351 178.8783 14.44939934559863
SAUDISAT 3              
1 31118U 07012B   15041.42339554  .00000437  00000-0  82528-4 0  9993
2 31118  97.7445  70.4413 0016049 132.8150 227.4408 14.68805976419084
