LAGEOS 1                
1 08820U 76039A   15040.32519656  .00000020  00000-0  00000+0 0  9991
2 08820 109.8154 199.1559 0044021 110.4747 254.5958  6.38664609648792
AJISAI (EGS)            
1 16908U 86061A   15041.20883509 -.00000073  00000-0  17074-3 0  9994
2 16908  50.0084 292.6919 0011575  70.2180 110.2515 12.44479375964604
LAGEOS 2                
1 22195U 92070B   15039.56197795 -.00000009  00000-0  00000+0 0  9993
2 22195  52.6753   7.3665 0138374 174.1724 315.9809  6.47293765527174
STELLA                  
1 22824U 93061B   15040.30567988 -.00000022  00000-0  91927-5 0  9991
2 22824  98.7070 344.5759 0006744  36.8150 137.7720 14.27349016113483
GRACE-1                 
1 27391U 02012A   15040.87935382  .00017712  00000-0  25499-3 0  9992
2 27391  88.9970  84.1030 0005894 297.1962 184.4660 15.55905761722984
GRACE-2                 
1 27392U 02012B   15040.22221943  .00018667  00000-0  26885-3 0  9993
2 27392  88.9972  84.2352 0006243 301.7594 104.0296 15.55891945722887
LARES                   
1 38077U 12006A   15041.37280894 -.00000022  00000-0  10000-3 0  9995
2 38077  69.4918 171.9609 0009107 337.4685  22.5937 12.54930678137149
