GOES 1 [-]              
1 08366U 75100A   15040.31380700 -.00000218  00000-0  00000+0 0  9999
2 08366  13.1916 328.3751 0003931 224.2133 334.9807  1.00248738143632
GOES 2 [-]              
1 10061U 77048A   15040.40776280  .00000061  00000-0  00000+0 0  9994
2 10061  14.2030 337.0392 0014093 290.8944 257.0600  0.99394531 82306
GOES 3 [P]              
1 10953U 78062A   15040.38528419 -.00000084  00000-0  00000+0 0  9993
2 10953  14.2422 340.5459 0003625 150.2773  38.2787  1.00269140 87357
GOES 4 [-]              
1 11964U 80074A   15041.07344550 -.00000238  00000-0  00000+0 0  9992
2 11964  14.9109 344.2388 0030727 350.8725 175.6853  0.99233129 86500
GOES 5 [-]              
1 12472U 81049A   15040.54742052 -.00000229  00000-0  00000+0 0  9990
2 12472  14.7611 354.3236 0004317 187.4251  71.8472  1.00219001 81391
GOES 6 [-]              
1 14050U 83041A   15040.30869126 -.00000239  00000-0  00000+0 0  9995
2 14050  14.8271 359.1498 0003788 143.4036  26.4220  1.00240111174492
GOES 7 [-]              
1 17561U 87022A   15040.43027002 -.00000043  00000-0  00000+0 0  9994
2 17561  14.8626  15.0986 0001918 281.6036 250.1075  0.99890990 85560
GOES 8 [-]              
1 23051U 94022A   15040.48971822  .00000012  00000-0  00000+0 0  9991
2 23051  10.1574  47.6717 0006897 216.9848 309.5515  0.98902920 83111
GOES 9 [-]              
1 23581U 95025A   15040.56328763 -.00000059  00000-0  00000+0 0  9994
2 23581   9.6756  46.6371 0002865  56.4125 337.2847  0.98798456 71799
GOES 10 [-]             
1 24786U 97019A   15041.05995538  .00000060  00000-0  00000+0 0  9993
2 24786   7.9615  50.6047 0028752 135.3738 217.6376  0.99120783 64970
GOES 11 [-]             
1 26352U 00022A   15040.64172002 -.00000222  00000-0  00000+0 0  9990
2 26352   3.1967  84.6623 0002552  89.7922   5.4099  0.99045741 53954
GOES 12 [-]             
1 26871U 01031A   15040.43007946  .00000058  00000-0  00000+0 0  9994
2 26871   4.7293  67.3657 0007899 212.6574 259.3758  0.99134524 49633
GOES 13 [+]             
1 29155U 06018A   15041.42623539 -.00000250  00000-0  00000+0 0  9999
2 29155   0.3078  92.2297 0001808 296.7391 189.3721  1.00262272 31958
GOES 14 [S]             
1 35491U 09033A   15041.37513818 -.00000096  00000-0  00000+0 0  9999
2 35491   0.0314 247.6083 0001955 358.8958 284.3020  1.00272044 20605
GOES 15 [+]             
1 36411U 10008A   15041.46489904  .00000087  00000-0  00000+0 0  9993
2 36411   0.0908 249.9841 0002680  95.3250 187.0031  1.00266840 18120
