MTI                     
1 26102U 00014A   15041.42133666  .00020366  00000-0  65363-3 0  9991
2 26102  97.4696 175.7227 0013071 116.6479 281.4256 15.32264076822423
CFESAT                  
1 30777U 07006F   15040.54228755  .00014429  00000-0  64452-3 0  9999
2 30777  35.4274  94.5511 0004680 195.0988 164.9594 15.20565294436666
NFIRE                   
1 31140U 07014A   15040.27409551  .00019334  00000-0  44699-3 0  9999
2 31140  48.2178  46.6418 0015021 308.2620 124.4545 15.42287654442100
SPIRALE A               
1 33751U 09008C   15040.95863653  .00002515  00000-0  80411-3 0  9991
2 33751   2.0880 290.8263 5625538 182.9738 341.6918  4.57653823 71464
SPIRALE B               
1 33752U 09008D   15039.99256131  .00022227  00000-0  30851-2 0  9995
2 33752   2.0589  64.9537 7059220 262.0420  19.7789  2.57956178 52054
SAPPHIRE                
1 39088U 13009C   15041.55584264  .00000222  00000-0  95510-4 0  9991
2 39088  98.6079 239.6657 0011192 316.9527  43.0782 14.33994660102455
