SCD 1                   
1 22490U 93009B   15040.86261953  .00000471  00000-0  81405-4 0  9992
2 22490  24.9692 188.8873 0043037 275.6835 216.1349 14.44268449161377
TRMM                    
1 25063U 97074A   15040.32234234  .00067244  00000-0  49339-3 0  9990
2 25063  34.9536 358.5874 0004203 252.8290 233.5798 15.71922660981784
TECHSAT 1B (GO-32)      
1 25397U 98043D   15040.11120550  .00000097  00000-0  61148-4 0  9995
2 25397  98.5043 354.6816 0001181  35.8411  26.8566 14.23515602861572
SCD 2                   
1 25504U 98060A   15040.10852316  .00000484  00000-0  87463-4 0  9993
2 25504  24.9972  31.3617 0017279 315.0754 119.6423 14.43818187860648
LANDSAT 7               
1 25682U 99020A   15041.30335186  .00000743  00000-0  17496-3 0  9997
2 25682  98.2094 112.8029 0000931  84.6227 275.5087 14.57117139841660
DLR-TUBSAT              
1 25757U 99029B   15041.57079453  .00000271  00000-0  79811-4 0  9996
2 25757  98.4684 299.8386 0015531  42.8974 317.3429 14.51238927832072
QUIKSCAT                
1 25789U 99034A   15041.12244802  .00000086  00000-0  53111-4 0  9999
2 25789  98.6115 231.9947 0001431  73.0291  65.2829 14.27177109814799
IKONOS 2                
1 25919U 99051A   15041.53791431  .00000914  00000-0  18132-3 0  9996
2 25919  98.0919 117.4717 0002133 111.0665 249.0775 14.64522033822197
TERRA                   
1 25994U 99068A   15041.45394359  .00000764  00000-0  17966-3 0  9993
2 25994  98.1991 117.7416 0001193  80.5204 279.6135 14.57112254805769
EO-1                    
1 26619U 00075A   15041.41365982  .00000854  00000-0  17213-3 0  9999
2 26619  97.9467  95.2102 0008772 306.3484  53.6923 14.63848633758014
SAC-C                   
1 26620U 00075B   15040.87776112  .00000729  00000-0  16775-3 0  9994
2 26620  98.0175   2.2206 0001347  90.9835 321.6863 14.58162468756179
EROS A1                 
1 26631U 00079A   15041.43105417  .00037706  00000-0  12330-2 0  9994
2 26631  97.5585 128.2843 0007430 112.8473 311.6795 15.31589774787078
TES                     
1 26957U 01049A   15041.52666378  .00004837  00000-0  32121-3 0  9991
2 26957  97.6856 130.0601 0043756  72.8154 287.7821 15.06900964729064
BADR-B                  
1 27003U 01056C   15040.94384579  .00000005  00000-0  53392-4 0  9994
2 27003  99.2232 199.9991 0020756  51.1070 114.3611 13.70194337658567
MAROC-TUBSAT            
1 27004U 01056D   15039.41639369 -.00000001  00000-0  46647-4 0  9997
2 27004  99.2278 197.8269 0020418  56.6570 356.8060 13.70098153658316
SPOT 5                  
1 27421U 02021A   15041.44532407  .00000365  00000-0  19113-3 0  9993
2 27421  98.5298 101.6108 0001061 104.2142  73.6975 14.20126653662133
AQUA                    
1 27424U 02022A   15040.26401942  .00000956  00000-0  22224-3 0  9998
2 27424  98.2273 343.0619 0001100  90.0507  48.0193 14.57109822679197
IRS-P6 (RESOURCESAT-1)  
1 28051U 03046A   15041.47237088 -.00000396  00000-0 -16041-3 0  9994
2 28051  98.7012 121.6827 0003017 298.3140  61.7731 14.21631290587419
TANSUO 1 (TS 1)         
1 28220U 04012A   15040.53119666  .00004665  00000-0  41609-3 0  9992
2 28220  97.5827   3.6233 0011867 143.6032 281.4705 14.96395270587860
FORMOSAT-2 (ROCSAT 2)   
1 28254U 04018A   15041.44896991  .00000017  00000-0  41087-4 0  9997
2 28254  99.0100 108.3861 0001092  82.1465  99.1259 14.00774048548510
AURA                    
1 28376U 04026A   15041.20454231  .00001529  00000-0  34936-3 0  9995
2 28376  98.2262 346.1599 0001152  90.4992 269.6349 14.57113913562384
PARASOL                 
1 28498U 04049G   15040.85000982  .00000909  00000-0  16823-3 0  9991
2 28498  98.5175  45.5420 0017036 113.2632 247.0367 14.67852746540371
IRS-P5 (CARTOSAT-1)     
1 28649U 05017A   15041.43407930 -.00000139  00000-0 -10565-4 0  9999
2 28649  97.8089 115.5919 0000849   2.0008 358.1163 14.83476075528810
TOPSAT                  
1 28891U 05043B   15041.41014602  .00000721  00000-0  15607-3 0  9991
2 28891  97.8174 230.4574 0016701 345.5113  14.5628 14.60902035495091
SINAH 1                 
1 28893U 05043D   15041.14306269  .00000320  00000-0  74081-4 0  9993
2 28893  97.8200 233.2734 0014699 344.6758 148.5232 14.61002116495148
EROS B                  
1 29079U 06014A   15041.57174859  .00023723  00000-0  11866-2 0  9996
2 29079  97.4501 161.0911 0014047 156.0138 261.3829 15.17338366487838
RESURS-DK 1             
1 29228U 06021A   15041.43152408  .00001477  00000-0  12220-3 0  9999
2 29228  69.9394 119.1884 0007561 234.7808 125.2627 15.01238331479325
ARIRANG-2 (KOMPSAT-2)   
1 29268U 06031A   15041.40309190  .00001092  00000-0  22818-3 0  9990
2 29268  98.1723 302.6745 0018288 170.6654 189.4856 14.61734986455657
LAPAN-TUBSAT            
1 29709U 07001A   15041.46083520  .00000793  00000-0  10709-3 0  9993
2 29709  97.6224  42.4112 0013899  26.7152 333.4783 14.81619274436957
CARTOSAT-2 (IRS-P7)     
1 29710U 07001B   15041.47785765  .00001451  00000-0  20460-3 0  9993
2 29710  97.9088 102.6674 0002058  57.5064 302.6350 14.78723673436448
HAIYANG-1B              
1 31113U 07010A   15041.44501639  .00000354  00000-0  15507-3 0  9993
2 31113  98.6925  93.3261 0015627 109.1765 251.1112 14.29696556408888
COSMO-SKYMED 1          
1 31598U 07023A   15041.38675647  .00000667  00000-0  90303-4 0  9993
2 31598  97.8796 227.2169 0001358 105.5297 254.6077 14.82157598415381
TERRASAR-X              
1 31698U 07026A   15041.64707574 -.00000424  00000-0 -16992-4 0  9996
2 31698  97.4446  50.5317 0001519  85.5891  18.7363 15.19148276424682
WORLDVIEW-1 (WV-1)      
1 32060U 07041A   15041.47921240  .00009956  00000-0  41142-3 0  9997
2 32060  97.8634 130.2066 0004921  54.3592  74.1301 15.24204967411587
YAOGAN 3                
1 32289U 07055A   15041.38908693  .00001074  00000-0  14795-3 0  9999
2 32289  97.9568  36.6431 0001187 108.9388 251.1971 14.80269577391803
COSMO-SKYMED 2          
1 32376U 07059A   15041.42048225  .00001250  00000-0  16348-3 0  9993
2 32376  97.8793 227.2487 0001200  81.5941 278.5421 14.82171649388134
RADARSAT-2              
1 32382U 07061A   15041.41186513  .00000182  00000-0  87346-4 0  9995
2 32382  98.5774  50.4831 0000959  95.0427  35.2429 14.29985867373705
CARTOSAT-2A             
1 32783U 08021A   15041.38728529  .00001020  00000-0  14602-3 0  9998
2 32783  97.9065 102.4819 0012210 206.4335 153.6264 14.78685192366378
IMS-1                   
1 32786U 08021D   15041.46454984  .00002928  00000-0  36476-3 0  9992
2 32786  97.6726  81.8308 0012964 146.6890 213.5154 14.83139630366845
JASON 2 (OSTM)          
1 33105U 08032A   15040.51478821 -.00000047  00000-0  61901-4 0  9994
2 33105  66.0415 105.2677 0008093 274.7671 215.7506 12.80930945310616
RAPIDEYE 2              
1 33312U 08040A   15041.47264311  .00001098  00000-0  15194-3 0  9994
2 33312  97.8774 130.4937 0010739 254.9081 105.0944 14.79983996348511
RAPIDEYE 5              
1 33313U 08040B   15041.42999100  .00001188  00000-0  16354-3 0  9990
2 33313  97.8679 128.8965 0018542 129.8580 230.4266 14.79984324348451
RAPIDEYE 1              
1 33314U 08040C   15041.48577641  .00001172  00000-0  16137-3 0  9991
2 33314  97.8740 130.3293 0022642 268.9703  90.8919 14.79980178348503
RAPIDEYE 3              
1 33315U 08040D   15041.52361195  .00001090  00000-0  15129-3 0  9991
2 33315  97.8663 128.7436 0011996 199.0957 160.8122 14.79864572348472
RAPIDEYE 4              
1 33316U 08040E   15041.50964783  .00001155  00000-0  15934-3 0  9998
2 33316  97.8645 128.4073 0012940 147.2972 212.9041 14.79983331348462
HUANJING 1A (HJ-1A)     
1 33320U 08041A   15041.48849712  .00001743  00000-0  26019-3 0  9994
2 33320  98.0472 104.0845 0025579 266.6910  93.1380 14.75882525346221
HUANJING 1B (HJ-1B)     
1 33321U 08041B   15041.45794728  .00001825  00000-0  27099-3 0  9998
2 33321  98.0503 104.7591 0034281 283.2015  76.5374 14.75891972346205
GEOEYE 1                
1 33331U 08042A   15041.39442936  .00000861  00000-0  17162-3 0  9993
2 33331  98.1182 118.2906 0010578  80.6145 279.6253 14.64418027343579
THEOS                   
1 33396U 08049A   15041.44158708  .00000301  00000-0  16165-3 0  9999
2 33396  98.6782 110.2423 0000948 100.5998 326.9002 14.20055285329741
COSMO-SKYMED 3          
1 33412U 08054A   15041.40782150  .00001061  00000-0  13979-3 0  9998
2 33412  97.8799 227.2360 0001250  81.1160 279.0226 14.82171708340599
YAOGAN 4                
1 33446U 08061A   15041.41323073  .00001415  00000-0  21331-3 0  9993
2 33446  97.6582  76.6528 0016489 205.7934 154.2456 14.75752912333471
GOSAT (IBUKI)           
1 33492U 09002A   15041.42888881 -.00000489  00000-0 -77784-4 0  9990
2 33492  98.0637 152.2171 0001436  82.7998 277.3394 14.67544669324020
YAOGAN 6                
1 34839U 09021A   15041.47801494  .00006247  00000-0  27190-3 0  9998
2 34839  97.2584 114.0033 0032780 112.9502 343.0744 15.22082784321927
RAZAKSAT                
1 35578U 09037A   15041.40474596  .00001512  00000-0  16916-3 0  9992
2 35578   8.9927 295.9787 0015960 168.7296 191.3370 14.66403889299319
DEIMOS-1                
1 35681U 09041A   15041.40729993  .00000808  00000-0  13896-3 0  9997
2 35681  98.0428 297.5767 0001866 144.7020 215.4308 14.71240301296999
DUBAISAT-1              
1 35682U 09041B   15041.43896737  .00001220  00000-0  22079-3 0  9994
2 35682  97.9173 284.6435 0012391  14.7759 345.3801 14.68015638296332
OCEANSAT 2              
1 35931U 09051A   15040.34699840  .00000621  00000-0  16838-3 0  9997
2 35931  98.2693 136.3137 0001313 339.2437  60.8992 14.50885751284926
WORLDVIEW-2 (WV-2)      
1 35946U 09055A   15041.40254729  .00000308  00000-0  11651-3 0  9998
2 35946  98.3988 119.6755 0001547 109.3513 250.7843 14.37756620280254
SMOS                    
1 36036U 09059A   15040.59829893  .00000377  00000-0  13403-3 0  9995
2 36036  98.4436 229.5118 0001012 104.3707 255.7594 14.39794053277073
YAOGAN 7                
1 36110U 09069A   15041.42822962  .00001375  00000-0  21122-3 0  9998
2 36110  98.0928 182.4271 0024243 339.8971  20.1279 14.75006590278420
TANDEM-X                
1 36605U 10030A   15041.64708699 -.00000402  00000-0 -15969-4 0  9996
2 36605  97.4447  50.5737 0002886 101.4446   2.3158 15.19148443257427
CARTOSAT 2B             
1 36795U 10035A   15041.42274432  .00001149  00000-0  16342-3 0  9992
2 36795  97.9117 101.7120 0013588 286.0088  73.9628 14.78710211247421
YAOGAN 10               
1 36834U 10038A   15041.47819265  .00001133  00000-0  15559-3 0  9995
2 36834  97.8825  38.9829 0001049  94.3219 265.8116 14.80263400243563
COSMO-SKYMED 4          
1 37216U 10060A   15041.50490223 -.00000294  00000-0 -30440-4 0  9994
2 37216  97.8793 227.3283 0001351  64.9967 295.1396 14.82153457230697
SAC-D                   
1 37673U 11024A   15040.92266860  .00000658  00000-0  11181-3 0  9997
2 37673  98.0127  49.7213 0001424 104.2651 315.3602 14.72332132197219
HAIYANG 2A              
1 37781U 11043A   15041.40279124  .00000166  00000-0  20524-3 0  9994
2 37781  99.3485  54.0339 0001409  91.5721 268.5595 13.79301907175754
RASAT                   
1 37791U 11044D   15041.52523794  .00000671  00000-0  13631-3 0  9996
2 37791  98.1658 130.8598 0021147 300.2428  59.6680 14.64248963186246
MEGHA-TROPIQUES         
1 37838U 11058A   15041.06388839  .00000466  00000-0  11363-3 0  9993
2 37838  19.9769 284.1730 0010223  13.8880 346.1804 14.09686580171870
SRMSAT                  
1 37841U 11058D   15041.04523660  .00000428  00000-0  90922-4 0  9995
2 37841  19.9712 277.3584 0011865  16.5226 131.8039 14.10439913171989
YAOGAN 13               
1 37941U 11072A   15041.41969389  .00010734  00000-0  53232-3 0  9998
2 37941  97.4495 329.7941 0001357  85.8458  52.0131 15.17904368177532
PLEIADES 1A             
1 38012U 11076F   15041.48028342  .00000673  00000-0  15438-3 0  9991
2 38012  98.1727 117.9151 0001308  89.0668 271.0682 14.58589199167834
ZIYUAN 1-02C (ZY 1-02C) 
1 38038U 11079A   15041.47040914  .00000460  00000-0  17523-3 0  9991
2 38038  98.4426 117.3263 0001284 103.7515 256.3819 14.35408313164453
ZIYUAN 3 (ZY 3)         
1 38046U 12001A   15041.49626309  .00009964  00000-0  44635-3 0  9998
2 38046  97.3787 118.7867 0002845 284.9279 131.7457 15.21442694171557
RISAT 1                 
1 38248U 12017A   15041.48292354  .00002756  00000-0  17820-3 0  9995
2 38248  97.5621  50.2237 0005063 102.5619  44.9409 15.09017088153899
ARIRANG-3 (KOMPSAT-3)   
1 38338U 12025B   15041.46691227  .00000901  00000-0  18951-3 0  9990
2 38338  98.1175 341.2888 0012512 120.4876 239.7557 14.61852393145900
SPOT 6                  
1 38755U 12047A   15041.42759516  .00000626  00000-0  14431-3 0  9992
2 38755  98.1692 110.3021 0001017  74.8724 285.2590 14.58568096128907
PLEIADES 1B             
1 39019U 12068A   15041.44607510  .00000670  00000-0  15383-3 0  9993
2 39019  98.1759 117.9552 0001179  87.9228 272.2108 14.58589500116686
GOKTURK 2               
1 39030U 12073A   15041.48776671  .00055284  00000-0  10157-1 0  9994
2 39030  98.0829 298.7577 0014112 321.5689  38.5088 14.65320517114733
LANDSAT 8               
1 39084U 13008A   15040.65181274  .00000614  00000-0  14627-3 0  9994
2 39084  98.1915 112.4653 0000829  78.8835 281.2465 14.57127067106037
SARAL                   
1 39086U 13009A   15040.80708202  .00000679  00000-0  26805-3 0  9992
2 39086  98.5413 230.4776 0001379  30.3779 329.7490 14.32252289102247
GAOFEN 1                
1 39150U 13018A   15041.49677894  .00001178  00000-0  17621-3 0  9993
2 39150  98.0098 124.1946 0017577 301.2430  58.7060 14.76492720 96688
VNREDSAT 1              
1 39160U 13021B   15041.43783688  .00001026  00000-0  20957-3 0  9999
2 39160  98.1613 119.5808 0000806  85.6599 274.4703 14.62941345 94196
ARIRANG-5 (KOMPSAT-5)   
1 39227U 13042A   15041.45297986  .00002775  00000-0  20228-3 0  9992
2 39227  97.5985 229.1045 0005450 338.3940 108.8159 15.04540073 80723
SKYSAT-1                
1 39418U 13066C   15041.51375279  .00003665  00000-0  32287-3 0  9996
2 39418  97.7667 121.6977 0020866 279.7964  80.0908 14.96927045 66686
DUBAISAT-2              
1 39419U 13066D   15041.47807419  .00001085  00000-0  11126-3 0  9991
2 39419  97.7629 118.8104 0012574 241.1334 118.8627 14.92455366 66514
GPM-CORE                
1 39574U 14009C   15040.92266152  .00032974  00000-0  46383-3 0  9997
2 39574  65.0186 318.9069 0007865 256.1524 103.8749 15.56491096 54011
SENTINEL-1A             
1 39634U 14016A   15041.49853158 -.00000000  00000-0  96153-5 0  9991
2 39634  98.1806  50.3760 0001160  73.2239 286.9071 14.59200345 45616
KAZEOSAT 1              
1 39731U 14024A   15041.42724604  .00000353  00000-0  12130-3 0  9995
2 39731  98.4976 117.3380 0000933  72.9409 287.1884 14.41969815 41277
ALOS-2                  
1 39766U 14029A   15041.53054894  .00000248  00000-0  40086-4 0  9992
2 39766  97.9197 140.2041 0001397  91.2293 268.9096 14.79473746 38792
KAZEOSAT 2              
1 40010U 14033A   15041.43677117  .00001049  00000-0  13850-3 0  9997
2 40010  97.9667 300.1628 0018060 185.4766 174.6240 14.82040131 34895
HODOYOSHI-4             
1 40011U 14033B   15041.46467753  .00001777  00000-0  24077-3 0  9995
2 40011  97.9648 299.2810 0027166 171.9343 188.2303 14.79955822 34848
DEIMOS-2                
1 40013U 14033D   15041.45615473  .00002482  00000-0  30681-3 0  9992
2 40013  97.9498 300.8689 0000163 112.7104 247.4103 14.83697004 34950
HODOYOSHI-3             
1 40015U 14033F   15041.32129399  .00001413  00000-0  20375-3 0  9999
2 40015  97.9627 298.1697 0037573 168.2046 192.0047 14.77386531 34775
SPOT 7                  
1 40053U 14034A   15041.46268676 -.00000045  00000-0  00000+0 0  9999
2 40053  98.1758 110.5634 0000948  87.1843 272.9470 14.58568293 32843
SKYSAT-2                
1 40072U 14037D   15041.47919549  .00001339  00000-0  18336-3 0  9997
2 40072  98.3714 107.6910 0005558 287.8306  72.2305 14.80272438 32056
WORLDVIEW-3 (WV-3)      
1 40115U 14048A   15041.45886270  .00001634  00000-0  19840-3 0  9998
2 40115  97.9665 116.6837 0001950  46.1125 314.0258 14.84919566 26814
YAOGAN 21               
1 40143U 14053A   15041.41311156  .00011898  00000-0  47444-3 0  9991
2 40143  97.3965 118.4225 0012338  21.1673 107.5464 15.25275114 23671
YAOGAN 22               
1 40275U 14063A   15041.43301713 -.00000044  00000-0  00000+0 0  9993
2 40275 100.3310 161.4548 0006144 224.3145 135.7481 13.15288682 14876
ASNARO                  
1 40298U 14070A   15041.47061343  .00014107  00000-0  66341-3 0  9990
2 40298  97.4681 124.9644 0000843  60.2848 127.3593 15.19684596 14608
HODOYOSHI-1             
1 40299U 14070B   15041.46840278  .00006628  00000-0  32776-3 0  9996
2 40299  97.4654 124.6296 0012647 210.7492 339.8793 15.18089452 14589
CHUBUSAT-1              
1 40300U 14070C   15041.46685185  .00008187  00000-0  42524-3 0  9997
2 40300  97.4626 124.3012 0022246 212.5132 336.3657 15.16144906 14564
QSAT-EOS                
1 40301U 14070D   15041.47832176  .00014676  00000-0  79196-3 0  9998
2 40301  97.4591 123.9495 0033482 213.0037 340.0089 15.14358859 14541
TSUBAME                 
1 40302U 14070E   15041.49368831  .00008279  00000-0  48228-3 0  9997
2 40302  97.4571 123.5634 0043739 214.2949 267.4384 15.11437615 14514
YAOGAN 23               
1 40305U 14071A   15041.45737073  .00010522  00000-0  52152-3 0  9990
2 40305  97.3433 348.8512 0000340 167.8887 331.6328 15.17922802 13306
YAOGAN 24               
1 40310U 14072A   15041.49028703  .00001353  00000-0  20141-3 0  9999
2 40310  97.9160 162.3114 0016608 318.3805  41.6137 14.76431345 12125
CBERS-4                 
1 40336U 14079A   15041.48996496  .00000225  00000-0  93782-4 0  9995
2 40336  98.5379 118.0833 0001658  92.5948 267.5428 14.35424253  9365
RESURS P2               
1 40360U 14087A   15041.45011671  .00005999  00000-0  18775-3 0  9992
2 40360  97.2880 137.5649 0004679 306.4187 184.0083 15.33481440  7014
YAOGAN 26               
1 40362U 14088A   15041.45408917  .00014146  00000-0  54659-3 0  9993
2 40362  97.4320 118.0335 0005269  92.2957  37.9371 15.26344623  6900
SMAP                    
1 40376U 15003A   15041.46782281  .00000569  00000-0  11194-3 0  9997
2 40376  98.1260  50.5765 0018519 182.8496 177.2605 14.66196543  1440
