AOR-E (EGNOS/PRN 120)   
1 24307U 96053A   15041.36761958 -.00000126  00000-0  00000+0 0  9994
2 24307   0.8831  82.3614 0007245 220.5155 314.0777  1.00272160 67472
ARTEMIS (EGNOS/PRN 124) 
1 26863U 01029A   15040.15745716  .00000110  00000-0  00000+0 0  9994
2 26863  11.6440  42.5377 0004347 282.2655 252.2194  1.00272415 50843
MTSAT-1R (MSAS/PRN 129) 
1 28622U 05006A   15041.23961525 -.00000284  00000-0  00000+0 0  9999
2 28622   0.0157 212.5223 0004771 133.9449  19.6760  1.00269990 36457
CRE (WAAS/PRN 138)      
1 28868U 05036A   15040.38076156 -.00000077  00000-0  00000+0 0  9996
2 28868   0.0253 341.4141 0002836   8.1132 179.3749  1.00272664 34584
CRW (WAAS/PRN 135)      
1 28884U 05041A   15040.45045484  .00000076  00000-0  00000+0 0  9996
2 28884   0.0456 273.4150 0001702  40.9630 213.9869  1.00273758 34098
IOR-W (EGNOS/PRN 126)   
1 28899U 05044A   15041.16171188  .00000137  00000-0  00000+0 0  9993
2 28899   2.4208 359.8795 0003164 322.2004 261.1270  1.00274100 33940
MTSAT-2 (MSAS/PRN 137)  
1 28937U 06004A   15040.42738855 -.00000246  00000-0  00000+0 0  9993
2 28937   0.0225  91.4152 0003876 227.1497 119.4594  1.00270001 32849
AMR (WAAS/PRN 133)      
1 33278U 08039A   15039.42546537 -.00000140  00000-0  00000+0 0  9992
2 33278   3.0089 353.1295 0002642 330.5224 229.7156  1.00270925 23706
QZS-1 (QZSS/PRN 183)    
1 37158U 10045A   15038.60401411 -.00000160  00000-0  00000+0 0  9995
2 37158  40.6066 171.8734 0748314 270.0216  50.5608  1.00270233 16148
GSAT-8 (GAGAN/PRN 127)  
1 37605U 11022A   15040.14486751  .00000081  00000-0  10000-3 0  9996
2 37605   0.0901 260.2726 0007690  13.3689 332.4948  1.00271898 13676
LUCH 5A (SDCM/PRN 140)  
1 37951U 11074B   15041.38300116 -.00000048  00000-0  00000+0 0  9993
2 37951   2.4749 241.2884 0002575  66.8790 136.8459  1.00270554 11627
SES-5 (EGNOS/PRN 136)   
1 38652U 12036A   15039.02203588  .00000029  00000-0  00000+0 0  9992
2 38652   0.0654 266.3800 0002241  52.2226 192.0923  1.00273137  9485
GSAT-10 (GAGAN/PRN 128) 
1 38779U 12051B   15040.59674909 -.00000168  00000-0  10000-3 0  9992
2 38779   0.1015 257.5332 0002008 341.4216 198.2547  1.00271490  8728
LUCH 5B (SDCM/PRN 125)  
1 38977U 12061A   15041.36761958 -.00000128  00000-0  00000+0 0  9991
2 38977   1.8141  82.7989 0002818 188.3488 345.4508  1.00275138  8614
ASTRA 5B (EGNOS/PRN 123)
1 39617U 14011B   15040.21508352  .00000151  00000-0  00000+0 0  9995
2 39617   0.0503 289.2067 0002085  32.5522 286.1494  1.00275360  3296
LUCH 5V (SDCM/PRN 141)  
1 39727U 14023A   15041.58565578 -.00000271  00000-0  00000+0 0  9998
2 39727   4.2890 301.5489 0003130  27.3720 117.3061  1.00270762520967
