ATLAS 5 CENTAUR R/B     
1 40375U 15002B   15039.94320397 -.00000179  00000-0  00000+0 0  9999
2 40375  18.9539 325.0569 6085491 184.0130 167.5319  2.08920865   402
SMAP                    
1 40376U 15003A   15041.46782281  .00000569  00000-0  11194-3 0  9997
2 40376  98.1260  50.5765 0018519 182.8496 177.2605 14.66196543  1440
FIREBIRD 3              
1 40377U 15003B   15041.48512230  .00020461  00000-0  10747-2 0  9990
2 40377  99.1241  51.7538 0165982 307.6824  50.9439 15.04563969  1480
FIREBIRD 4              
1 40378U 15003C   15041.48492993  .00020569  00000-0  10784-2 0  9994
2 40378  99.1256  51.7533 0166210 307.7252  50.9001 15.04594180  1487
GRIFEX                  
1 40379U 15003D   15041.55218331  .00016614  00000-0  87729-3 0  9995
2 40379  99.1267  51.8322 0165958 308.3987  50.2389 15.04445527  1490
EXOCUBE                 
1 40380U 15003E   15041.48659482  .00013715  00000-0  72987-3 0  9994
2 40380  99.1289  51.7568 0165745 307.8071  50.8219 15.04272280  1480
INMARSAT 5-F2           
1 40384U 15005A   15039.13964507 -.00000274  00000-0  00000+0 0  9996
2 40384   2.0143 326.4182 3250764 180.2255  44.5215  0.69621347   107
BREEZE-M R/B            
1 40385U 15005B   15033.64806413 -.00000488  00000-0  00000+0 0  9995
2 40385  28.0672 328.3474 7666547 182.3387   6.9538  1.10998905    15
BREEZE-M DEB [TANK]     
1 40386U 15005C   15039.09806286  .00002110  00000-0  95331-3 0  9997
2 40386  50.7677 323.1084 5177444 175.6941 191.6443  5.25016704   313
FAJR                    
1 40387U 15006A   15041.46388100  .00818460  10533-4  13776-2 0  9994
2 40387  55.5366 130.0490 0142833 181.7933 281.1646 15.85958250  1281
SAFIR 1B R/B            
1 40388U 15006B   15041.57124174  .00534599  10501-4  95093-3 0  9992
2 40388  55.5450 129.5302 0149054 183.2476 176.7625 15.84044175  1302
