APRIZESAT 2             
1 28366U 04025A   15040.03675675  .00000196  00000-0  76331-4 0  9995
2 28366  98.3229 330.3785 0109283 100.8382 260.5127 14.36380428556248
SAUDICOMSAT 1           
1 28369U 04025D   15040.90774623  .00000444  00000-0  11995-3 0  9997
2 28369  98.0754   8.5167 0034798 150.4189 209.8985 14.51946930562229
SAUDICOMSAT 2           
1 28370U 04025E   15041.18432593  .00000409  00000-0  12237-3 0  9998
2 28370  98.1931 357.0607 0057122 247.7169 111.7961 14.46949648560365
APRIZESAT 1             
1 28372U 04025G   15039.88663722  .00000267  00000-0  80621-4 0  9999
2 28372  98.1398   0.8036 0046382 203.2513 214.7568 14.49195413561105
NANOSAT-1               
1 28493U 04049B   15041.15403875  .00000712  00000-0  12002-3 0  9995
2 28493  98.3191  84.9171 0004491 193.9309 219.0919 14.72677725544610
SAUDICOMSAT 7           
1 31119U 07012C   15040.90252371  .00000608  00000-0  13014-3 0  9990
2 31119  97.8428  32.1611 0059568 246.1704 113.3247 14.61066587416608
SAUDICOMSAT 6           
1 31121U 07012E   15040.48180719  .00000739  00000-0  16497-3 0  9995
2 31121  97.8979  21.7181 0075931 294.7098 181.9171 14.57895676415661
SAUDICOMSAT 5           
1 31124U 07012H   15040.44669164  .00000619  00000-0  12826-3 0  9999
2 31124  97.8159  37.8522 0051513 224.2956 135.4119 14.62719038416987
SAUDICOMSAT 3           
1 31125U 07012J   15040.88433912  .00000675  00000-0  13457-3 0  9991
2 31125  97.7922  44.5113 0043742 200.6099 159.3342 14.64377192417502
SAUDICOMSAT 4           
1 31127U 07012L   15041.19261367  .00000633  00000-0  13865-3 0  9998
2 31127  97.8688  27.6521 0067363 267.6411  91.7076 14.59588717416227
APRIZESAT 4             
1 35684U 09041D   15040.33468131  .00001132  00000-0  16031-3 0  9990
2 35684  98.0681 326.6989 0047292 346.3934 127.5193 14.78333354298209
APRIZESAT 3             
1 35686U 09041F   15040.46247138  .00001929  00000-0  21723-3 0  9996
2 35686  98.1804 357.8788 0073318 285.2058 188.8461 14.86010009299609
AISSAT 1                
1 36797U 10035C   15041.38091294  .00002532  00000-0  30694-3 0  9995
2 36797  98.0096 138.1923 0010289 274.3200  85.6838 14.84488158247968
